0.000000000000000000e+00,-7.040719374965628274e-01,-7.101286551251372314e-01,7.101286551251372314e-01,-7.040719374965628274e-01
1.000000000000000000e+00,-7.033468267763552939e-01,-7.108468479663053730e-01,7.108468479663053730e-01,-7.033468267763552939e-01
2.000000000000000000e+00,-7.082422707018964925e-01,-7.059694653389914087e-01,7.059694653389914087e-01,-7.082422707018964925e-01
3.000000000000000000e+00,-7.046011657525712568e-01,-7.096035493288611606e-01,7.096035493288611606e-01,-7.046011657525712568e-01
4.000000000000000000e+00,-7.061012949621832124e-01,7.081108396661698334e-01,-7.081108396661698334e-01,-7.061012949621832124e-01
5.000000000000000000e+00,-7.167212016080569681e-01,6.973598204409996448e-01,-6.973598204409996448e-01,-7.167212016080569681e-01
6.000000000000000000e+00,-7.058377433747541341e-01,7.083735455447462970e-01,-7.083735455447462970e-01,-7.058377433747541341e-01
7.000000000000000000e+00,-7.147528696270190052e-01,6.993771052586303938e-01,-6.993771052586303938e-01,-7.147528696270190052e-01
8.000000000000000000e+00,-7.090821788746096699e-01,7.051258494782587372e-01,-7.051258494782587372e-01,-7.090821788746096699e-01
9.000000000000000000e+00,-7.060232925781234625e-01,7.081886121204896689e-01,-7.081886121204896689e-01,-7.060232925781234625e-01
1.000000000000000000e+01,-7.034422958214567867e-01,7.107523735095352402e-01,-7.107523735095352402e-01,-7.034422958214567867e-01
1.100000000000000000e+01,-7.110638291684286960e-01,7.031274641544956738e-01,-7.031274641544956738e-01,-7.110638291684286960e-01
1.200000000000000000e+01,-7.077979004672514396e-01,7.064149857514001596e-01,-7.064149857514001596e-01,-7.077979004672514396e-01
1.300000000000000000e+01,-7.013131224516481188e-01,7.128533539776042982e-01,-7.128533539776042982e-01,-7.013131224516481188e-01
1.400000000000000000e+01,-7.111070372977078557e-01,7.030837656393982282e-01,-7.030837656393982282e-01,-7.111070372977078557e-01
1.500000000000000000e+01,-7.092820835059533424e-01,7.049247662108728552e-01,-7.049247662108728552e-01,-7.092820835059533424e-01
1.600000000000000000e+01,-7.064080231505821539e-01,7.078048493959946397e-01,-7.078048493959946397e-01,-7.064080231505821539e-01
1.700000000000000000e+01,-7.093472038011396918e-01,7.048592373371469488e-01,-7.048592373371469488e-01,-7.093472038011396918e-01
1.800000000000000000e+01,-7.089160884823476616e-01,7.052928324397520488e-01,-7.052928324397520488e-01,-7.089160884823476616e-01
1.900000000000000000e+01,-7.047261637542117096e-01,7.094794106387245503e-01,-7.094794106387245503e-01,-7.047261637542117096e-01
2.000000000000000000e+01,-7.078828078656872469e-01,7.063299019071688223e-01,-7.063299019071688223e-01,-7.078828078656872469e-01
2.100000000000000000e+01,-7.085218169936428056e-01,7.056889079785986230e-01,-7.056889079785986230e-01,-7.085218169936428056e-01
2.200000000000000000e+01,-7.060806594209233511e-01,7.081314160462829355e-01,-7.081314160462829355e-01,-7.060806594209233511e-01
2.300000000000000000e+01,-7.098474124495345317e-01,7.043554862700371899e-01,-7.043554862700371899e-01,-7.098474124495345317e-01
2.400000000000000000e+01,-7.076950170115267058e-01,7.065180556058385797e-01,-7.065180556058385797e-01,-7.076950170115267058e-01
2.500000000000000000e+01,-7.071489145922987829e-01,7.070646452701009332e-01,-7.070646452701009332e-01,-7.071489145922987829e-01
2.600000000000000000e+01,-7.066921943899595604e-01,7.075211250473752989e-01,-7.075211250473752989e-01,-7.066921943899595604e-01
2.700000000000000000e+01,-7.070168873788188479e-01,7.071966635676150137e-01,-7.071966635676150137e-01,-7.070168873788188479e-01
2.800000000000000000e+01,-7.079115198496045425e-01,7.063011256285969264e-01,-7.063011256285969264e-01,-7.079115198496045425e-01
2.900000000000000000e+01,-7.065724238248793920e-01,7.076407350416135111e-01,-7.076407350416135111e-01,-7.065724238248793920e-01
3.000000000000000000e+01,-7.078606423560620531e-01,7.063521154518214162e-01,-7.063521154518214162e-01,-7.078606423560620531e-01
3.100000000000000000e+01,-7.070508450532125844e-01,7.071627128953691388e-01,-7.071627128953691388e-01,-7.070508450532125844e-01
3.200000000000000000e+01,-7.072102607542557484e-01,7.070032864731942146e-01,-7.070032864731942146e-01,-7.072102607542557484e-01
3.300000000000000000e+01,-7.076963217175179510e-01,7.065167487239740751e-01,-7.065167487239740751e-01,-7.076963217175179510e-01
3.400000000000000000e+01,-7.059602643555678014e-01,7.082514420394899757e-01,-7.082514420394899757e-01,-7.059602643555678014e-01
3.500000000000000000e+01,-7.072716526127765801e-01,7.069418713093685858e-01,-7.069418713093685858e-01,-7.072716526127765801e-01
3.600000000000000000e+01,-7.085793275240431788e-01,7.056311618725287227e-01,-7.056311618725287227e-01,-7.085793275240431788e-01
3.700000000000000000e+01,-7.089820338986514425e-01,7.052265420479659763e-01,-7.052265420479659763e-01,-7.089820338986514425e-01
3.800000000000000000e+01,-7.072400355211159173e-01,7.069735017354544793e-01,-7.069735017354544793e-01,-7.072400355211159173e-01
3.900000000000000000e+01,-7.068758351230509662e-01,7.073376518460539053e-01,-7.073376518460539053e-01,-7.068758351230509662e-01
4.000000000000000000e+01,-7.076710549504651171e-01,7.065420567703636356e-01,-7.065420567703636356e-01,-7.076710549504651171e-01
4.100000000000000000e+01,-7.080551676801625227e-01,7.061571209875440180e-01,-7.061571209875440180e-01,-7.080551676801625227e-01
4.200000000000000000e+01,-7.079173992954270744e-01,7.062952327283534837e-01,-7.062952327283534837e-01,-7.079173992954270744e-01
4.300000000000000000e+01,-7.080523707105522702e-01,7.061599254638899481e-01,-7.061599254638899481e-01,-7.080523707105522702e-01
4.400000000000000000e+01,-7.062841206791939941e-01,7.079284857077144943e-01,-7.079284857077144943e-01,-7.062841206791939941e-01
4.500000000000000000e+01,-7.067943802076256388e-01,7.074190442071224272e-01,-7.074190442071224272e-01,-7.067943802076256388e-01
4.600000000000000000e+01,-7.075266251601177725e-01,7.066866877828774651e-01,-7.066866877828774651e-01,-7.075266251601177725e-01
4.700000000000000000e+01,-7.067893433828528194e-01,7.074240765484561821e-01,-7.074240765484561821e-01,-7.067893433828528194e-01
4.800000000000000000e+01,-7.079243158229784338e-01,7.062883002475460748e-01,-7.062883002475460748e-01,-7.079243158229784338e-01
4.900000000000000000e+01,-7.077113645833563726e-01,7.065016804223210878e-01,-7.065016804223210878e-01,-7.077113645833563726e-01
5.000000000000000000e+01,-7.072700781996924535e-01,7.069434464533927986e-01,-7.069434464533927986e-01,-7.072700781996924535e-01
5.100000000000000000e+01,-7.060025961674658568e-01,7.082092446479348880e-01,-7.082092446479348880e-01,-7.060025961674658568e-01
5.200000000000000000e+01,-7.074639457577305279e-01,7.067494361178526807e-01,-7.067494361178526807e-01,-7.074639457577305279e-01
5.300000000000000000e+01,-7.063869337607799892e-01,7.078258965395681779e-01,-7.078258965395681779e-01,-7.063869337607799892e-01
5.400000000000000000e+01,-7.073461291885888569e-01,7.068673521403574522e-01,-7.068673521403574522e-01,-7.073461291885888569e-01
5.500000000000000000e+01,-7.061266254590162772e-01,7.080855801510592684e-01,-7.080855801510592684e-01,-7.061266254590162772e-01
5.600000000000000000e+01,-7.065024369047678832e-01,7.077106093931505582e-01,-7.077106093931505582e-01,-7.065024369047678832e-01
5.700000000000000000e+01,-7.071893696883109204e-01,7.070241830375036951e-01,-7.070241830375036951e-01,-7.071893696883109204e-01
5.800000000000000000e+01,-7.068323071947280045e-01,7.073811486785450686e-01,-7.073811486785450686e-01,-7.068323071947280045e-01
5.900000000000000000e+01,-7.075308109869055118e-01,7.066824969561732450e-01,-7.066824969561732450e-01,-7.075308109869055118e-01
6.000000000000000000e+01,-7.075231283010054995e-01,7.066901887808821892e-01,-7.066901887808821892e-01,-7.075231283010054995e-01
