0.000000000000000000e+00,-1.000000000000000000e+00,-6.215416792255944103e-16,6.215416792255944103e-16,-1.000000000000000000e+00
1.000000000000000000e+00,-9.999999982052096836e-01,5.991311015442707069e-05,-5.991311015442707069e-05,-9.999999982052096836e-01
2.000000000000000000e+00,-9.999999942169877087e-01,1.075454543092558250e-04,-1.075454543092558250e-04,-9.999999942169877087e-01
3.000000000000000000e+00,-9.999999864351232226e-01,1.647111215387802360e-04,-1.647111215387802360e-04,-9.999999864351232226e-01
4.000000000000000000e+00,-9.999999728148768474e-01,2.331742821133535933e-04,-2.331742821133535933e-04,-9.999999728148768474e-01
5.000000000000000000e+00,-9.999999503722154515e-01,3.150485147337167059e-04,-3.150485147337167059e-04,-9.999999503722154515e-01
6.000000000000000000e+00,-9.999999148492656476e-01,4.126759762583737719e-04,-4.126759762583737719e-04,-9.999999148492656476e-01
7.000000000000000000e+00,-9.999998603242827855e-01,5.285370514087673645e-04,-5.285370514087673645e-04,-9.999998603242827855e-01
8.000000000000000000e+00,-9.999997785349981072e-01,6.655298299196837474e-04,-6.655298299196837474e-04,-9.999997785349981072e-01
9.000000000000000000e+00,-9.999996582046972726e-01,8.267953125137651521e-04,-8.267953125137651521e-04,-9.999996582046972726e-01
1.000000000000000000e+01,-9.999994838350714232e-01,1.016036215354207883e-03,-1.016036215354207883e-03,-9.999994838350714232e-01
1.100000000000000000e+01,-9.999992344274460931e-01,1.237394246609647367e-03,-1.237394246609647367e-03,-9.999992344274460931e-01
1.200000000000000000e+01,-9.999988817031797428e-01,1.495524118802803778e-03,-1.495524118802803778e-03,-9.999988817031797428e-01
1.300000000000000000e+01,-9.999983875341186268e-01,1.795808776688029513e-03,-1.795808776688029513e-03,-9.999983875341186268e-01
1.400000000000000000e+01,-9.999977014396165265e-01,2.144088497125052652e-03,-2.144088497125052652e-03,-9.999977014396165265e-01
1.500000000000000000e+01,-9.999967556755514630e-01,2.547280583603926760e-03,-2.547280583603926760e-03,-9.999967556755514630e-01
1.600000000000000000e+01,-9.999954610555042978e-01,3.012950113960709275e-03,-3.012950113960709275e-03,-9.999954610555042978e-01
1.700000000000000000e+01,-9.999936997103809899e-01,3.549723868721436221e-03,-3.549723868721436221e-03,-9.999936997103809899e-01
1.800000000000000000e+01,-9.999913171152340352e-01,4.167216593778118316e-03,-4.167216593778118316e-03,-9.999913171152340352e-01
1.900000000000000000e+01,-9.999881115548695520e-01,4.876140782002253912e-03,-4.876140782002253912e-03,-9.999881115548695520e-01
2.000000000000000000e+01,-9.999838163546178604e-01,5.689202831124852075e-03,-5.689202831124852075e-03,-9.999838163546178604e-01
2.100000000000000000e+01,-9.999780892234444440e-01,6.619748713433858817e-03,-6.619748713433858817e-03,-9.999780892234444440e-01
2.200000000000000000e+01,-9.999704821109844932e-01,7.683417646165098536e-03,-7.683417646165098536e-03,-9.999704821109844932e-01
2.300000000000000000e+01,-9.999604246986917300e-01,8.896574420085946039e-03,-8.896574420085946039e-03,-9.999604246986917300e-01
2.400000000000000000e+01,-9.999471584512673594e-01,1.028009266669722283e-02,-1.028009266669722283e-02,-9.999471584512673594e-01
2.500000000000000000e+01,-9.999297382734303463e-01,1.185405063381234601e-02,-1.185405063381234601e-02,-9.999297382734303463e-01
2.600000000000000000e+01,-9.999069106240336957e-01,1.364441593841612954e-02,-1.364441593841612954e-02,-9.999069106240336957e-01
2.700000000000000000e+01,-9.998773814443197017e-01,1.565956819488794130e-02,-1.565956819488794130e-02,-9.998773814443197017e-01
2.800000000000000000e+01,-9.998384364251843293e-01,1.797501173415205766e-02,-1.797501173415205766e-02,-9.998384364251843293e-01
2.900000000000000000e+01,-9.997879418751762781e-01,2.059299106490070780e-02,-2.059299106490070780e-02,-9.997879418751762781e-01
3.000000000000000000e+01,-9.997226439011481780e-01,2.355069577099570474e-02,-2.355069577099570474e-02,-9.997226439011481780e-01
3.100000000000000000e+01,-9.996381293344818175e-01,2.690000707541878935e-02,-2.690000707541878935e-02,-9.996381293344818175e-01
3.200000000000000000e+01,-9.995291400447023911e-01,3.068384267815787297e-02,-3.068384267815787297e-02,-9.995291400447023911e-01
3.300000000000000000e+01,-9.993888764811087455e-01,3.495530812090127254e-02,-3.495530812090127254e-02,-9.993888764811087455e-01
3.400000000000000000e+01,-9.992085706976576720e-01,3.977728301862667321e-02,-3.977728301862667321e-02,-9.992085706976576720e-01
3.500000000000000000e+01,-9.989774033359934968e-01,4.521225081850734073e-02,-4.521225081850734073e-02,-9.989774033359934968e-01
3.600000000000000000e+01,-9.986812629452622714e-01,5.133941022310321151e-02,-5.133941022310321151e-02,-9.986812629452622714e-01
3.700000000000000000e+01,-9.983026934921467310e-01,5.823857970731171479e-02,-5.823857970731171479e-02,-9.983026934921467310e-01
3.800000000000000000e+01,-9.978192541542069138e-01,6.600557581858043643e-02,-6.600557581858043643e-02,-9.978192541542069138e-01
3.900000000000000000e+01,-9.972023901210755881e-01,7.474886712729517102e-02,-7.474886712729517102e-02,-9.972023901210755881e-01
4.000000000000000000e+01,-9.964160401150001789e-01,8.458767641649846125e-02,-8.458767641649846125e-02,-9.964160401150001789e-01
4.100000000000000000e+01,-9.954149705681659688e-01,9.565059523482975778e-02,-9.565059523482975778e-02,-9.954149705681659688e-01
4.200000000000000000e+01,-9.941407759855780402e-01,1.080930965547427514e-01,-1.080930965547427514e-01,-9.941407759855780402e-01
4.300000000000000000e+01,-9.925192982998416458e-01,1.220878474803697572e-01,-1.220878474803697572e-01,-9.925192982998416458e-01
4.400000000000000000e+01,-9.904564911380306924e-01,1.378257565280885666e-01,-1.378257565280885666e-01,-9.904564911380306924e-01
4.500000000000000000e+01,-9.878309078104038354e-01,1.555316610033900537e-01,-1.555316610033900537e-01,-9.878309078104038354e-01
4.600000000000000000e+01,-9.844929862201132753e-01,1.754239438714223775e-01,-1.754239438714223775e-01,-9.844929862201132753e-01
4.700000000000000000e+01,-9.802433517018609432e-01,1.977952765975506677e-01,-1.977952765975506677e-01,-9.802433517018609432e-01
4.800000000000000000e+01,-9.748391764804560378e-01,2.229093537716761164e-01,-2.229093537716761164e-01,-9.748391764804560378e-01
4.900000000000000000e+01,-9.679691300503650009e-01,2.510692399907638594e-01,-2.510692399907638594e-01,-9.679691300503650009e-01
5.000000000000000000e+01,-9.592586524917203761e-01,2.825293570936814325e-01,-2.825293570936814325e-01,-9.592586524917203761e-01
5.100000000000000000e+01,-9.482613212034199934e-01,3.174908923253459414e-01,-3.174908923253459414e-01,-9.482613212034199934e-01
5.200000000000000000e+01,-9.344702321492615038e-01,3.560412689940665176e-01,-3.560412689940665176e-01,-9.344702321492615038e-01
5.300000000000000000e+01,-9.173605006169498477e-01,3.980574228774274581e-01,-3.980574228774274581e-01,-9.173605006169498477e-01
5.400000000000000000e+01,-8.965249104056759455e-01,4.429933239023979286e-01,-4.429933239023979286e-01,-8.965249104056759455e-01
5.500000000000000000e+01,-8.717593239914581682e-01,4.899343640059922733e-01,-4.899343640059922733e-01,-8.717593239914581682e-01
5.600000000000000000e+01,-8.427910830371679873e-01,5.382408293255327436e-01,-5.382408293255327436e-01,-8.427910830371679873e-01
5.700000000000000000e+01,-8.100325188590703496e-01,5.863849575072930254e-01,-5.863849575072930254e-01,-8.100325188590703496e-01
5.800000000000000000e+01,-7.744468869918467169e-01,6.326389327480864688e-01,-6.326389327480864688e-01,-7.744468869918467169e-01
5.900000000000000000e+01,-7.368793147243264396e-01,6.760243157841343553e-01,-6.760243157841343553e-01,-7.368793147243264396e-01
6.000000000000000000e+01,-6.983916205902382934e-01,7.157158264907521605e-01,-7.157158264907521605e-01,-6.983916205902382934e-01
6.100000000000000000e+01,-6.599063752669668270e-01,7.513478394738439814e-01,-7.513478394738439814e-01,-6.599063752669668270e-01
6.200000000000000000e+01,-6.221720850536017755e-01,7.828805123261489696e-01,-7.828805123261489696e-01,-6.221720850536017755e-01
6.300000000000000000e+01,-5.857225297497402616e-01,8.105116397335478950e-01,-8.105116397335478950e-01,-5.857225297497402616e-01
6.400000000000000000e+01,-5.509383558040870099e-01,8.345459412781834896e-01,-8.345459412781834896e-01,-5.509383558040870099e-01
6.500000000000000000e+01,-5.180842614559314496e-01,8.553295844478091547e-01,-8.553295844478091547e-01,-5.180842614559314496e-01
6.600000000000000000e+01,-4.872872763172259591e-01,8.732417250334180148e-01,-8.732417250334180148e-01,-4.872872763172259591e-01
6.700000000000000000e+01,-4.586168416471837483e-01,8.886341162467048527e-01,8.886341162467048527e-01,4.586168416471837483e-01
6.800000000000000000e+01,-4.320929035793374395e-01,9.018290983752837997e-01,9.018290983752837997e-01,4.320929035793374395e-01
6.900000000000000000e+01,-4.076904514608162278e-01,9.131201978861687163e-01,9.131201978861687163e-01,4.076904514608162278e-01
7.000000000000000000e+01,-3.853681703954970894e-01,9.227629019667115129e-01,9.227629019667115129e-01,3.853681703954970894e-01
7.100000000000000000e+01,-3.650452179294736421e-01,9.309897898832312224e-01,9.309897898832312224e-01,3.650452179294736421e-01
7.200000000000000000e+01,-3.466218236139211872e-01,9.380049634168038386e-01,9.380049634168038386e-01,3.466218236139211872e-01
7.300000000000000000e+01,-3.300111062624079272e-01,9.439770493732683176e-01,9.439770493732683176e-01,3.300111062624079272e-01
7.400000000000000000e+01,-3.150860139771960444e-01,9.490631189736340456e-01,9.490631189736340456e-01,3.150860139771960444e-01
7.500000000000000000e+01,-3.017546586514320284e-01,9.533856124266602006e-01,9.533856124266602006e-01,3.017546586514320284e-01
7.600000000000000000e+01,-2.898966665285533928e-01,9.570579516077554194e-01,9.570579516077554194e-01,2.898966665285533928e-01
7.700000000000000000e+01,-2.794152661368322077e-01,9.601703541818416010e-01,9.601703541818416010e-01,2.794152661368322077e-01
7.800000000000000000e+01,-2.701976092372759264e-01,9.628048877952688489e-01,9.628048877952688489e-01,2.701976092372759264e-01
7.900000000000000000e+01,-2.621587353564931444e-01,9.650247652139731791e-01,9.650247652139731791e-01,2.621587353564931444e-01
8.000000000000000000e+01,-2.552060551874261729e-01,9.668866890156635474e-01,9.668866890156635474e-01,2.552060551874261729e-01
8.100000000000000000e+01,-2.492574340714101278e-01,9.684372625834555270e-01,9.684372625834555270e-01,2.492574340714101278e-01
8.200000000000000000e+01,-2.443786742006090751e-01,9.696798768645003008e-01,9.696798768645003008e-01,2.443786742006090751e-01
8.300000000000000000e+01,-2.402793564073100463e-01,9.707037812249875719e-01,9.707037812249875719e-01,2.402793564073100463e-01
8.400000000000000000e+01,-2.367592062531120867e-01,9.715683600521356489e-01,9.715683600521356489e-01,2.367592062531120867e-01
8.500000000000000000e+01,-2.340956174257453060e-01,9.722135783366014916e-01,9.722135783366014916e-01,2.340956174257453060e-01
8.600000000000000000e+01,-2.320357063436345735e-01,9.727072689055072940e-01,9.727072689055072940e-01,2.320357063436345735e-01
8.700000000000000000e+01,-2.305626414257039292e-01,9.730574846219530727e-01,9.730574846219530727e-01,2.305626414257039292e-01
8.800000000000000000e+01,-2.296393628506539497e-01,9.732757898096230376e-01,9.732757898096230376e-01,2.296393628506539497e-01
8.900000000000000000e+01,-2.292085045418833789e-01,9.733773479209762991e-01,9.733773479209762991e-01,2.292085045418833789e-01
9.000000000000000000e+01,-2.292147048270912202e-01,9.733758878722182928e-01,9.733758878722182928e-01,2.292147048270912202e-01
9.100000000000000000e+01,-2.296087398888920494e-01,9.732830146296785889e-01,9.732830146296785889e-01,2.296087398888920494e-01
9.200000000000000000e+01,-2.303414086349624967e-01,9.731098784145915115e-01,9.731098784145915115e-01,2.303414086349624967e-01
9.300000000000000000e+01,-2.313674035824684339e-01,9.728664474425597897e-01,9.728664474425597897e-01,2.313674035824684339e-01
9.400000000000000000e+01,-2.326418826811235685e-01,9.725624681338377320e-01,9.725624681338377320e-01,2.326418826811235685e-01
9.500000000000000000e+01,-2.341262190880257221e-01,9.722062093689517459e-01,9.722062093689517459e-01,2.341262190880257221e-01
9.600000000000000000e+01,-2.357814777901985903e-01,9.718060993485634347e-01,9.718060993485634347e-01,2.357814777901985903e-01
9.700000000000000000e+01,-2.375728554729631126e-01,9.713697227844929616e-01,9.713697227844929616e-01,2.375728554729631126e-01
9.800000000000000000e+01,-2.394684839283553190e-01,9.709041380100585927e-01,9.709041380100585927e-01,2.394684839283553190e-01
9.900000000000000000e+01,-2.414363458631599846e-01,9.704166583979505489e-01,9.704166583979505489e-01,2.414363458631599846e-01
1.000000000000000000e+02,-2.434497434613001887e-01,9.699135128497937686e-01,9.699135128497937686e-01,2.434497434613001887e-01
1.010000000000000000e+02,-2.454850000176017344e-01,9.694003892955469492e-01,9.694003892955469492e-01,2.454850000176017344e-01
1.020000000000000000e+02,-2.475203014456841544e-01,9.688827072314983857e-01,9.688827072314983857e-01,2.475203014456841544e-01
1.030000000000000000e+02,-2.495352415510926625e-01,9.683657177038216268e-01,9.683657177038216268e-01,2.495352415510926625e-01
1.040000000000000000e+02,-2.515131453370120229e-01,9.678538824237277183e-01,9.678538824237277183e-01,2.515131453370120229e-01
1.050000000000000000e+02,-2.534414580471338607e-01,9.673507261293304849e-01,9.673507261293304849e-01,2.534414580471338607e-01
1.060000000000000000e+02,-2.553104394915728936e-01,9.668591311492176210e-01,9.668591311492176210e-01,2.553104394915728936e-01
1.070000000000000000e+02,-2.571135051390393000e-01,9.663812112593649362e-01,9.663812112593649362e-01,2.571135051390393000e-01
1.080000000000000000e+02,-2.588548970957407214e-01,9.659162190633064915e-01,9.659162190633064915e-01,2.588548970957407214e-01
1.090000000000000000e+02,-2.605645533615109644e-01,9.654564275675605600e-01,9.654564275675605600e-01,2.605645533615109644e-01
1.100000000000000000e+02,-2.622226198994606627e-01,9.650074080612350835e-01,9.650074080612350835e-01,2.622226198994606627e-01
1.110000000000000000e+02,-2.637992991369010887e-01,9.645775913708962701e-01,9.645775913708962701e-01,2.637992991369010887e-01
1.120000000000000000e+02,-2.653083510503888576e-01,9.641636162306289615e-01,9.641636162306289615e-01,2.653083510503888576e-01
1.130000000000000000e+02,-2.667643473524189401e-01,9.637617874670264539e-01,9.637617874670264539e-01,2.667643473524189401e-01
1.140000000000000000e+02,-2.682165940518697056e-01,9.633586345049358624e-01,9.633586345049358624e-01,2.682165940518697056e-01
1.150000000000000000e+02,-2.696686303101857862e-01,9.629531815340911516e-01,9.629531815340911516e-01,2.696686303101857862e-01
1.160000000000000000e+02,-2.711251014319397967e-01,9.625441181439531313e-01,9.625441181439531313e-01,2.711251014319397967e-01
1.170000000000000000e+02,-2.725926373624724675e-01,9.621295412031435346e-01,9.621295412031435346e-01,2.725926373624724675e-01
1.180000000000000000e+02,-2.740742998000764707e-01,9.617085203891549972e-01,9.617085203891549972e-01,2.740742998000764707e-01
1.190000000000000000e+02,-2.755724418598774483e-01,9.612803073440048252e-01,9.612803073440048252e-01,2.755724418598774483e-01
1.200000000000000000e+02,-2.770868664729605468e-01,9.608448721974821582e-01,9.608448721974821582e-01,2.770868664729605468e-01
1.210000000000000000e+02,-2.786144098646562428e-01,9.604030459217469673e-01,9.604030459217469673e-01,2.786144098646562428e-01
1.220000000000000000e+02,-2.801514834547844113e-01,9.599558043566817078e-01,9.599558043566817078e-01,2.801514834547844113e-01
1.230000000000000000e+02,-2.816924804183315034e-01,9.595047402049495799e-01,9.595047402049495799e-01,2.816924804183315034e-01
1.240000000000000000e+02,-2.832303985809425106e-01,9.590518970940417054e-01,9.590518970940417054e-01,2.832303985809425106e-01
1.250000000000000000e+02,-2.847590375566778631e-01,9.585991292139768305e-01,9.585991292139768305e-01,2.847590375566778631e-01
1.260000000000000000e+02,-2.862715310546367631e-01,9.581485325917031837e-01,9.581485325917031837e-01,2.862715310546367631e-01
1.270000000000000000e+02,-2.877609634579010867e-01,9.577022647513060427e-01,9.577022647513060427e-01,2.877609634579010867e-01
1.280000000000000000e+02,-2.892206395944242336e-01,9.572624622498222546e-01,9.572624622498222546e-01,2.892206395944242336e-01
1.290000000000000000e+02,-2.906439039256278889e-01,9.568312918748373974e-01,9.568312918748373974e-01,2.906439039256278889e-01
1.300000000000000000e+02,-2.920264111024711284e-01,9.564102546598978183e-01,9.564102546598978183e-01,2.920264111024711284e-01
1.310000000000000000e+02,-2.933660761612351120e-01,9.560001806264266655e-01,9.560001806264266655e-01,2.933660761612351120e-01
1.320000000000000000e+02,-2.946613508679317706e-01,9.556017414721916792e-01,9.556017414721916792e-01,2.946613508679317706e-01
1.330000000000000000e+02,-2.959129159968403866e-01,9.552149214424191515e-01,9.552149214424191515e-01,2.959129159968403866e-01
1.340000000000000000e+02,-2.971233213133646633e-01,9.548391131136779730e-01,9.548391131136779730e-01,2.971233213133646633e-01
1.350000000000000000e+02,-2.982997012035921158e-01,9.544722564128554909e-01,9.544722564128554909e-01,2.982997012035921158e-01
1.360000000000000000e+02,-2.994533683962031789e-01,9.541109370278531010e-01,9.541109370278531010e-01,2.994533683962031789e-01
1.370000000000000000e+02,-3.005916344697125431e-01,9.537529393332566663e-01,9.537529393332566663e-01,3.005916344697125431e-01
1.380000000000000000e+02,-3.017189802389801945e-01,9.533969042133239036e-01,9.533969042133239036e-01,3.017189802389801945e-01
1.390000000000000000e+02,-3.028385851913032445e-01,9.530418623121074129e-01,9.530418623121074129e-01,3.028385851913032445e-01
1.400000000000000000e+02,-3.039580834302083034e-01,9.526854063737065781e-01,9.526854063737065781e-01,3.039580834302083034e-01
1.410000000000000000e+02,-3.050900597968587702e-01,9.523235035496863121e-01,9.523235035496863121e-01,3.050900597968587702e-01
1.420000000000000000e+02,-3.062389326980171633e-01,9.519546817469722866e-01,9.519546817469722866e-01,3.062389326980171633e-01
1.430000000000000000e+02,-3.074070183736302697e-01,9.515781234636673247e-01,9.515781234636673247e-01,3.074070183736302697e-01
1.440000000000000000e+02,-3.085990873265744838e-01,9.511922010304779684e-01,9.511922010304779684e-01,3.085990873265744838e-01
1.450000000000000000e+02,-3.098165239493651524e-01,9.507963617346947283e-01,9.507963617346947283e-01,3.098165239493651524e-01
1.460000000000000000e+02,-3.110596643735467071e-01,9.503903856835971276e-01,9.503903856835971276e-01,3.110596643735467071e-01
1.470000000000000000e+02,-3.123273709219126504e-01,9.499745330128623877e-01,9.499745330128623877e-01,3.123273709219126504e-01
1.480000000000000000e+02,-3.136182276598150631e-01,9.495491600120113951e-01,9.495491600120113951e-01,3.136182276598150631e-01
1.490000000000000000e+02,-3.149309515688060168e-01,9.491145851497416741e-01,9.491145851497416741e-01,3.149309515688060168e-01
1.500000000000000000e+02,-3.162640081729148345e-01,9.486712165626205451e-01,9.486712165626205451e-01,3.162640081729148345e-01
1.510000000000000000e+02,-3.176148755039969185e-01,9.482198009209575895e-01,9.482198009209575895e-01,3.176148755039969185e-01
1.520000000000000000e+02,-3.189812078060766942e-01,9.477610400657838774e-01,9.477610400657838774e-01,3.189812078060766942e-01
1.530000000000000000e+02,-3.203616273097542599e-01,9.472953223506627163e-01,9.472953223506627163e-01,3.203616273097542599e-01
1.540000000000000000e+02,-3.217543366963954155e-01,9.468231866705960620e-01,9.468231866705960620e-01,3.217543366963954155e-01
1.550000000000000000e+02,-3.231571979822532859e-01,9.463452992392675789e-01,9.463452992392675789e-01,3.231571979822532859e-01
1.560000000000000000e+02,-3.245682293435366850e-01,9.458622862239520757e-01,9.458622862239520757e-01,3.245682293435366850e-01
1.570000000000000000e+02,-3.259855050527788456e-01,9.453747672195851326e-01,9.453747672195851326e-01,3.259855050527788456e-01
1.580000000000000000e+02,-3.274073242086850688e-01,9.448832965263536110e-01,9.448832965263536110e-01,3.274073242086850688e-01
1.590000000000000000e+02,-3.288316368725045513e-01,9.443885612351249348e-01,9.443885612351249348e-01,3.288316368725045513e-01
1.600000000000000000e+02,-3.302586180465354460e-01,9.438904836928870834e-01,9.438904836928870834e-01,3.302586180465354460e-01
1.610000000000000000e+02,-3.316915288027818542e-01,9.433878999226528173e-01,9.433878999226528173e-01,3.316915288027818542e-01
1.620000000000000000e+02,-3.331291149375174010e-01,9.428812188080459844e-01,9.428812188080459844e-01,3.331291149375174010e-01
1.630000000000000000e+02,-3.345592625736531489e-01,9.423747130659722027e-01,9.423747130659722027e-01,3.345592625736531489e-01
1.640000000000000000e+02,-3.359751175242579047e-01,9.418708618513267350e-01,9.418708618513267350e-01,3.359751175242579047e-01
1.650000000000000000e+02,-3.373791156065353292e-01,9.413688609426976717e-01,9.413688609426976717e-01,3.373791156065353292e-01
1.660000000000000000e+02,-3.387690594868164040e-01,9.408695575553595036e-01,9.408695575553595036e-01,3.387690594868164040e-01
1.670000000000000000e+02,-3.401419622104974727e-01,9.403740987200747137e-01,9.403740987200747137e-01,3.401419622104974727e-01
1.680000000000000000e+02,-3.414935151789373902e-01,9.398841306728893397e-01,9.398841306728893397e-01,3.414935151789373902e-01
1.690000000000000000e+02,-3.428154451168120564e-01,9.394027733562224647e-01,9.394027733562224647e-01,3.428154451168120564e-01
1.700000000000000000e+02,-3.441061452508709650e-01,9.389307539965801030e-01,9.389307539965801030e-01,3.441061452508709650e-01
1.710000000000000000e+02,-3.453662692845030358e-01,9.384679749679817329e-01,9.384679749679817329e-01,3.453662692845030358e-01
1.720000000000000000e+02,-3.465939292130812421e-01,9.380152707886143526e-01,9.380152707886143526e-01,3.465939292130812421e-01
1.730000000000000000e+02,-3.477871193796550076e-01,9.375735275665593171e-01,9.375735275665593171e-01,3.477871193796550076e-01
1.740000000000000000e+02,-3.489430522152539571e-01,9.371439304134143722e-01,9.371439304134143722e-01,3.489430522152539571e-01
1.750000000000000000e+02,-3.500591142438498893e-01,9.367276106397266489e-01,9.367276106397266489e-01,3.500591142438498893e-01
1.760000000000000000e+02,-3.511339294041860848e-01,9.363252445711244265e-01,9.363252445711244265e-01,3.511339294041860848e-01
1.770000000000000000e+02,-3.521678459365926162e-01,9.359368612723725223e-01,9.359368612723725223e-01,3.521678459365926162e-01
1.780000000000000000e+02,-3.531626808225958314e-01,9.355619278669891070e-01,9.355619278669891070e-01,3.531626808225958314e-01
1.790000000000000000e+02,-3.541217141296214010e-01,9.351993432321789035e-01,9.351993432321789035e-01,3.541217141296214010e-01
1.800000000000000000e+02,-3.550497617095125236e-01,9.348474029006115238e-01,9.348474029006115238e-01,3.550497617095125236e-01
1.810000000000000000e+02,-3.559533467052236055e-01,9.345037265679312366e-01,9.345037265679312366e-01,3.559533467052236055e-01
1.820000000000000000e+02,-3.568398682695228530e-01,9.341655679874898421e-01,9.341655679874898421e-01,3.568398682695228530e-01
1.830000000000000000e+02,-3.577172658811971773e-01,9.338299404551563265e-01,9.338299404551563265e-01,3.577172658811971773e-01
1.840000000000000000e+02,-3.585929490658421592e-01,9.334940261620651158e-01,9.334940261620651158e-01,3.585929490658421592e-01
1.850000000000000000e+02,-3.594747517675058734e-01,9.331548118301111749e-01,9.331548118301111749e-01,3.594747517675058734e-01
1.860000000000000000e+02,-3.603730239312689099e-01,9.328082780628788040e-01,9.328082780628788040e-01,3.603730239312689099e-01
1.870000000000000000e+02,-3.612931733420225444e-01,9.324522737901662639e-01,9.324522737901662639e-01,3.612931733420225444e-01
1.880000000000000000e+02,-3.622320687697376251e-01,9.320879402474834263e-01,9.320879402474834263e-01,3.622320687697376251e-01
1.890000000000000000e+02,-3.631899124074473018e-01,9.317151321758548876e-01,9.317151321758548876e-01,3.631899124074473018e-01
1.900000000000000000e+02,-3.641682160020823233e-01,9.313331898165450040e-01,9.313331898165450040e-01,3.641682160020823233e-01
1.910000000000000000e+02,-3.651668556505527907e-01,9.309420860259183250e-01,9.309420860259183250e-01,3.651668556505527907e-01
1.920000000000000000e+02,-3.661832326714185570e-01,9.305427664058808501e-01,9.305427664058808501e-01,3.661832326714185570e-01
1.930000000000000000e+02,-3.672153956334330838e-01,9.301359326516641657e-01,9.301359326516641657e-01,3.672153956334330838e-01
1.940000000000000000e+02,-3.682624493138809685e-01,9.297218769209107947e-01,9.297218769209107947e-01,3.682624493138809685e-01
1.950000000000000000e+02,-3.693229451650734685e-01,9.293011149108755253e-01,9.293011149108755253e-01,3.693229451650734685e-01
1.960000000000000000e+02,-3.703928853158591772e-01,9.288751856451935573e-01,9.288751856451935573e-01,3.703928853158591772e-01
1.970000000000000000e+02,-3.714687151679781918e-01,9.284454715552503679e-01,9.284454715552503679e-01,3.714687151679781918e-01
1.980000000000000000e+02,-3.725492398486033307e-01,9.280124265807153661e-01,9.280124265807153661e-01,3.725492398486033307e-01
1.990000000000000000e+02,-3.736362633413869427e-01,9.275753029896200985e-01,9.275753029896200985e-01,3.736362633413869427e-01
2.000000000000000000e+02,-3.747296589289243474e-01,9.271341233710536089e-01,9.271341233710536089e-01,3.747296589289243474e-01
2.010000000000000000e+02,-3.758268990700155965e-01,9.266898844464723783e-01,9.266898844464723783e-01,3.758268990700155965e-01
2.020000000000000000e+02,-3.769270376850197279e-01,9.262429531510595337e-01,9.262429531510595337e-01,3.769270376850197279e-01
2.030000000000000000e+02,-3.780292205717969978e-01,9.257936640493278357e-01,9.257936640493278357e-01,3.780292205717969978e-01
2.040000000000000000e+02,-3.791323576317377486e-01,9.253424530391978209e-01,9.253424530391978209e-01,3.791323576317377486e-01
2.050000000000000000e+02,-3.802354095752125129e-01,9.248897411611670671e-01,9.248897411611670671e-01,3.802354095752125129e-01
2.060000000000000000e+02,-3.813374134476263388e-01,9.244359237421888587e-01,9.244359237421888587e-01,3.813374134476263388e-01
2.070000000000000000e+02,-3.824375664456818313e-01,9.239813351854595513e-01,9.239813351854595513e-01,3.824375664456818313e-01
2.080000000000000000e+02,-3.835352031303308484e-01,9.235262573201564740e-01,9.235262573201564740e-01,3.835352031303308484e-01
2.090000000000000000e+02,-3.846297492476499214e-01,9.230709376823050816e-01,9.230709376823050816e-01,3.846297492476499214e-01
2.100000000000000000e+02,-3.857209760550008304e-01,9.226154825446933883e-01,9.226154825446933883e-01,3.857209760550008304e-01
2.110000000000000000e+02,-3.868089978363150050e-01,9.221598555526397956e-01,9.221598555526397956e-01,3.868089978363150050e-01
2.120000000000000000e+02,-3.878936967130691693e-01,9.217041174098493661e-01,9.217041174098493661e-01,3.878936967130691693e-01
2.130000000000000000e+02,-3.889747065745780552e-01,9.212484342701597884e-01,9.212484342701597884e-01,3.889747065745780552e-01
2.140000000000000000e+02,-3.900511909060149773e-01,9.207931735589700573e-01,9.207931735589700573e-01,3.900511909060149773e-01
2.150000000000000000e+02,-3.911218702586448104e-01,9.203388955191341703e-01,9.203388955191341703e-01,3.911218702586448104e-01
2.160000000000000000e+02,-3.921853110020810940e-01,9.198862330930933640e-01,9.198862330930933640e-01,3.921853110020810940e-01
2.170000000000000000e+02,-3.932412400030502186e-01,9.194353306028998363e-01,9.194353306028998363e-01,3.932412400030502186e-01
2.180000000000000000e+02,-3.942896808782697105e-01,9.189862063997000785e-01,9.189862063997000785e-01,3.942896808782697105e-01
2.190000000000000000e+02,-3.953298857289225254e-01,9.185392106217116215e-01,9.185392106217116215e-01,3.953298857289225254e-01
2.200000000000000000e+02,-3.963606561061045475e-01,9.180948917683501298e-01,9.180948917683501298e-01,3.963606561061045475e-01
2.210000000000000000e+02,-3.973800605064876645e-01,9.176541219391216586e-01,9.176541219391216586e-01,3.973800605064876645e-01
2.220000000000000000e+02,-3.983859259313193291e-01,9.172178879741962332e-01,9.172178879741962332e-01,3.983859259313193291e-01
2.230000000000000000e+02,-3.993755017049825939e-01,9.167874391798207512e-01,9.167874391798207512e-01,3.993755017049825939e-01
2.240000000000000000e+02,-4.003452630766797804e-01,9.163643763984193891e-01,9.163643763984193891e-01,4.003452630766797804e-01
2.250000000000000000e+02,-4.012930259974095137e-01,9.159497296717993287e-01,9.159497296717993287e-01,4.012930259974095137e-01
2.260000000000000000e+02,-4.022164076254348131e-01,9.155446255846244608e-01,9.155446255846244608e-01,4.022164076254348131e-01
2.270000000000000000e+02,-4.031115402342266840e-01,9.151508543021688036e-01,9.151508543021688036e-01,4.031115402342266840e-01
2.280000000000000000e+02,-4.039750757269168213e-01,9.147699919605101204e-01,9.147699919605101204e-01,4.039750757269168213e-01
2.290000000000000000e+02,-4.048040866298368567e-01,9.144034401990094318e-01,9.144034401990094318e-01,4.048040866298368567e-01
2.300000000000000000e+02,-4.055962653898255721e-01,9.140523341154084269e-01,9.140523341154084269e-01,4.055962653898255721e-01
2.310000000000000000e+02,-4.063506118108078380e-01,9.137172321243494100e-01,9.137172321243494100e-01,4.063506118108078380e-01
2.320000000000000000e+02,-4.070674588059057242e-01,9.133980972069639659e-01,9.133980972069639659e-01,4.070674588059057242e-01
2.330000000000000000e+02,-4.077483512954283018e-01,9.130943445317465379e-01,9.130943445317465379e-01,4.077483512954283018e-01
2.340000000000000000e+02,-4.083964349133835658e-01,9.128046625374118817e-01,9.128046625374118817e-01,4.083964349133835658e-01
2.350000000000000000e+02,-4.090168115683224803e-01,9.125268477444833382e-01,9.125268477444833382e-01,4.090168115683224803e-01
2.360000000000000000e+02,-4.096144449616135330e-01,9.122587387790752622e-01,9.122587387790752622e-01,4.096144449616135330e-01
2.370000000000000000e+02,-4.101931828809368685e-01,9.119986582873936820e-01,9.119986582873936820e-01,4.101931828809368685e-01
2.380000000000000000e+02,-4.107567457070205874e-01,9.117449730358693216e-01,9.117449730358693216e-01,4.107567457070205874e-01
2.390000000000000000e+02,-4.113097016227771907e-01,9.114956551465190904e-01,9.114956551465190904e-01,4.113097016227771907e-01
2.400000000000000000e+02,-4.118576400201089394e-01,9.112482012915396057e-01,9.112482012915396057e-01,4.118576400201089394e-01
2.410000000000000000e+02,-4.124051008749846092e-01,9.110005668342329166e-01,9.110005668342329166e-01,4.124051008749846092e-01
2.420000000000000000e+02,-4.129564211222918613e-01,9.107507860297834323e-01,9.107507860297834323e-01,4.129564211222918613e-01
2.430000000000000000e+02,-4.135167223235522438e-01,9.104965240783658986e-01,9.104965240783658986e-01,4.135167223235522438e-01
2.440000000000000000e+02,-4.140901076640455813e-01,9.102358940048338454e-01,9.102358940048338454e-01,4.140901076640455813e-01
2.450000000000000000e+02,-4.146778243638727934e-01,9.099682972394395053e-01,9.099682972394395053e-01,4.146778243638727934e-01
2.460000000000000000e+02,-4.152794017826962336e-01,9.096939147070325360e-01,9.096939147070325360e-01,4.152794017826962336e-01
2.470000000000000000e+02,-4.158925917831107766e-01,9.094137408792143384e-01,9.094137408792143384e-01,4.158925917831107766e-01
2.480000000000000000e+02,-4.165126856401294986e-01,9.091299041945802850e-01,9.091299041945802850e-01,4.165126856401294986e-01
2.490000000000000000e+02,-4.171325245459326370e-01,9.088456727992585416e-01,9.088456727992585416e-01,4.171325245459326370e-01
2.500000000000000000e+02,-4.177433019703775119e-01,9.085650959941649063e-01,9.085650959941649063e-01,4.177433019703775119e-01
2.510000000000000000e+02,-4.183336109827731630e-01,9.082934492343947008e-01,9.082934492343947008e-01,4.183336109827731630e-01
2.520000000000000000e+02,-4.188897195901503667e-01,9.080371153326747269e-01,9.080371153326747269e-01,4.188897195901503667e-01
2.530000000000000000e+02,-4.193965948485219863e-01,9.078031153446571855e-01,9.078031153446571855e-01,4.193965948485219863e-01
2.540000000000000000e+02,-4.198404795577280191e-01,9.075979130235684034e-01,9.075979130235684034e-01,4.198404795577280191e-01
2.550000000000000000e+02,-4.202093598539962671e-01,9.074271837955344422e-01,9.074271837955344422e-01,4.202093598539962671e-01
2.560000000000000000e+02,-4.204919900917232223e-01,9.072962505536448230e-01,9.072962505536448230e-01,4.204919900917232223e-01
2.570000000000000000e+02,-4.206787742030486110e-01,9.072096609577193771e-01,9.072096609577193771e-01,4.206787742030486110e-01
2.580000000000000000e+02,-4.207621482515334632e-01,9.071709952367054131e-01,9.071709952367054131e-01,4.207621482515334632e-01
2.590000000000000000e+02,-4.207331461525707361e-01,9.071844463660957425e-01,9.071844463660957425e-01,4.207331461525707361e-01
2.600000000000000000e+02,-4.205795218198057905e-01,9.072556783100469424e-01,9.072556783100469424e-01,4.205795218198057905e-01
2.610000000000000000e+02,-4.202859394921339420e-01,9.073917175427678172e-01,9.073917175427678172e-01,4.202859394921339420e-01
2.620000000000000000e+02,-4.198328122203366375e-01,9.076014597735967415e-01,9.076014597735967415e-01,4.198328122203366375e-01
2.630000000000000000e+02,-4.191969261426585769e-01,9.078953337871862317e-01,9.078953337871862317e-01,4.191969261426585769e-01
2.640000000000000000e+02,-4.183516764844179558e-01,9.082851285706911026e-01,9.082851285706911026e-01,4.183516764844179558e-01
2.650000000000000000e+02,-4.172696883430035419e-01,9.087827062560843716e-01,9.087827062560843716e-01,4.172696883430035419e-01
2.660000000000000000e+02,-4.159271709710976039e-01,9.093979263490648002e-01,9.093979263490648002e-01,4.159271709710976039e-01
2.670000000000000000e+02,-4.143116635389901270e-01,9.101350698965261499e-01,9.101350698965261499e-01,4.143116635389901270e-01
2.680000000000000000e+02,-4.124319159312507255e-01,9.109884273256592113e-01,9.109884273256592113e-01,4.124319159312507255e-01
2.690000000000000000e+02,-4.103258919247127490e-01,9.119389576151405441e-01,9.119389576151405441e-01,4.103258919247127490e-01
2.700000000000000000e+02,-4.080658878712202231e-01,9.129524802287755092e-01,9.129524802287755092e-01,4.080658878712202231e-01
2.710000000000000000e+02,-4.057568880329850414e-01,9.139810434652283488e-01,9.139810434652283488e-01,4.057568880329850414e-01
2.720000000000000000e+02,-4.035273887529971515e-01,9.149675658329028405e-01,9.149675658329028405e-01,4.035273887529971515e-01
2.730000000000000000e+02,-4.015155936444293472e-01,9.158521867967350794e-01,9.158521867967350794e-01,4.015155936444293472e-01
2.740000000000000000e+02,-3.998542462566828104e-01,9.165787373436610208e-01,9.165787373436610208e-01,3.998542462566828104e-01
2.750000000000000000e+02,-3.986582432279935362e-01,9.170995611744506837e-01,9.170995611744506837e-01,3.986582432279935362e-01
2.760000000000000000e+02,-3.980175887389201805e-01,9.173777842603644261e-01,9.173777842603644261e-01,3.980175887389201805e-01
2.770000000000000000e+02,-3.979958137362509252e-01,9.173872313523986355e-01,9.173872313523986355e-01,3.979958137362509252e-01
2.780000000000000000e+02,-3.986301568838515053e-01,9.171117696457482538e-01,9.171117696457482538e-01,3.986301568838515053e-01
2.790000000000000000e+02,-3.999304807018841390e-01,9.165454765616161126e-01,9.165454765616161126e-01,3.999304807018841390e-01
2.800000000000000000e+02,-4.018773273703611926e-01,9.156935151816112395e-01,9.156935151816112395e-01,4.018773273703611926e-01
2.810000000000000000e+02,-4.044218662231408024e-01,9.145725526827228613e-01,9.145725526827228613e-01,4.044218662231408024e-01
2.820000000000000000e+02,-4.074899201915330171e-01,9.132097048007637996e-01,9.132097048007637996e-01,4.074899201915330171e-01
2.830000000000000000e+02,-4.109915050670711612e-01,9.116391735564589593e-01,9.116391735564589593e-01,4.109915050670711612e-01
2.840000000000000000e+02,-4.148330573591264003e-01,9.098975406726186321e-01,9.098975406726186321e-01,4.148330573591264003e-01
2.850000000000000000e+02,-4.189274480610213902e-01,9.080197097316117238e-01,9.080197097316117238e-01,4.189274480610213902e-01
2.860000000000000000e+02,-4.231997579925038111e-01,9.060364037030114170e-01,9.060364037030114170e-01,4.231997579925038111e-01
2.870000000000000000e+02,-4.275885973827188158e-01,9.039734461743215155e-01,9.039734461743215155e-01,4.275885973827188158e-01
2.880000000000000000e+02,-4.320437018697595999e-01,9.018526707143879051e-01,9.018526707143879051e-01,4.320437018697595999e-01
2.890000000000000000e+02,-4.365225220148564178e-01,8.996933298484486308e-01,8.996933298484486308e-01,4.365225220148564178e-01
2.900000000000000000e+02,-4.409883383535442847e-01,8.975128330203306914e-01,8.975128330203306914e-01,4.409883383535442847e-01
2.910000000000000000e+02,-4.454101567988608679e-01,8.953266399590789071e-01,8.953266399590789071e-01,4.454101567988608679e-01
2.920000000000000000e+02,-4.497632510003239936e-01,8.931478142220465877e-01,8.931478142220465877e-01,4.497632510003239936e-01
2.930000000000000000e+02,-4.540292225967950679e-01,8.909867928472058329e-01,8.909867928472058329e-01,4.540292225967950679e-01
2.940000000000000000e+02,-4.581952564882934009e-01,8.888515663099362252e-01,8.888515663099362252e-01,4.581952564882934009e-01
2.950000000000000000e+02,-4.622530367463456025e-01,8.867480645700792641e-01,8.867480645700792641e-01,4.622530367463456025e-01
2.960000000000000000e+02,-4.661976975028493952e-01,8.846805676870277413e-01,8.846805676870277413e-01,4.661976975028493952e-01
2.970000000000000000e+02,-4.700268511324836029e-01,8.826521167563595727e-01,8.826521167563595727e-01,4.700268511324836029e-01
2.980000000000000000e+02,-4.737398014997396545e-01,8.806648627457480671e-01,8.806648627457480671e-01,4.737398014997396545e-01
2.990000000000000000e+02,-4.773370618782259989e-01,8.787202793594003358e-01,8.787202793594003358e-01,4.773370618782259989e-01
3.000000000000000000e+02,-4.808200121972688312e-01,8.768193176878679163e-01,8.768193176878679163e-01,4.808200121972688312e-01
3.010000000000000000e+02,-4.841905821900045481e-01,8.749625592666834262e-01,8.749625592666834262e-01,4.841905821900045481e-01
3.020000000000000000e+02,-4.874510359110265645e-01,8.731503235922593031e-01,8.731503235922593031e-01,4.874510359110265645e-01
3.030000000000000000e+02,-4.906038353341605207e-01,8.713827383850405450e-01,8.713827383850405450e-01,4.906038353341605207e-01
3.040000000000000000e+02,-4.936515201100868389e-01,8.696598051496923221e-01,8.696598051496923221e-01,4.936515201100868389e-01
3.050000000000000000e+02,-4.965966167623510619e-01,8.679814515415559262e-01,8.679814515415559262e-01,4.965966167623510619e-01
3.060000000000000000e+02,-4.994416370693352536e-01,8.663475348620219840e-01,8.663475348620219840e-01,4.994416370693352536e-01
3.070000000000000000e+02,-5.021891218489302755e-01,8.647578192168025035e-01,8.647578192168025035e-01,5.021891218489302755e-01
3.080000000000000000e+02,-5.048416940466012859e-01,8.632119461361490442e-01,8.632119461361490442e-01,5.048416940466012859e-01
3.090000000000000000e+02,-5.074021027707636966e-01,8.617094093160451163e-01,8.617094093160451163e-01,5.074021027707636966e-01
3.100000000000000000e+02,-5.098732163005635920e-01,8.602495587324172632e-01,8.602495587324172632e-01,5.098732163005635920e-01
3.110000000000000000e+02,-5.122580132788621121e-01,8.588316062136936990e-01,8.588316062136936990e-01,5.122580132788621121e-01
3.120000000000000000e+02,-5.145595612272328978e-01,8.574546390040920230e-01,8.574546390040920230e-01,5.145595612272328978e-01
3.130000000000000000e+02,-5.167809928232929284e-01,8.561176352911856746e-01,8.561176352911856746e-01,5.167809928232929284e-01
3.140000000000000000e+02,-5.189254757466207346e-01,8.548194842311114261e-01,8.548194842311114261e-01,5.189254757466207346e-01
3.150000000000000000e+02,-5.209961574142337737e-01,8.535590219543126578e-01,8.535590219543126578e-01,5.209961574142337737e-01
3.160000000000000000e+02,-5.229961127694532363e-01,8.523350667595702701e-01,8.523350667595702701e-01,5.229961127694532363e-01
3.170000000000000000e+02,-5.249283139475031668e-01,8.511464416986255221e-01,8.511464416986255221e-01,5.249283139475031668e-01
3.180000000000000000e+02,-5.267956231364588904e-01,8.499919831647060331e-01,8.499919831647060331e-01,5.267956231364588904e-01
3.190000000000000000e+02,-5.286008122993866021e-01,8.488705326705767717e-01,8.488705326705767717e-01,5.286008122993866021e-01
3.200000000000000000e+02,-5.303465809686033205e-01,8.477809292823899057e-01,8.477809292823899057e-01,5.303465809686033205e-01
3.210000000000000000e+02,-5.320355610809915925e-01,8.467220097205661045e-01,8.467220097205661045e-01,5.320355610809915925e-01
3.220000000000000000e+02,-5.336703212375699668e-01,8.456926085938015758e-01,8.456926085938015758e-01,5.336703212375699668e-01
3.230000000000000000e+02,-5.352533713209143285e-01,8.446915581971892184e-01,8.446915581971892184e-01,5.352533713209143285e-01
3.240000000000000000e+02,-5.367871589691838308e-01,8.437176932871517376e-01,8.437176932871517376e-01,5.367871589691838308e-01
3.250000000000000000e+02,-5.382740628114496273e-01,8.427698578523413753e-01,8.427698578523413753e-01,5.382740628114496273e-01
3.260000000000000000e+02,-5.397163746374612492e-01,8.418469189515368489e-01,8.418469189515368489e-01,5.397163746374612492e-01
3.270000000000000000e+02,-5.411162773802302706e-01,8.409477833695512272e-01,8.409477833695512272e-01,5.411162773802302706e-01
3.280000000000000000e+02,-5.424758605474003792e-01,8.400713902540410949e-01,8.400713902540410949e-01,5.424758605474003792e-01
3.290000000000000000e+02,-5.437971312112581668e-01,8.392167062722272197e-01,8.392167062722272197e-01,5.437971312112581668e-01
3.300000000000000000e+02,-5.450820001003338078e-01,8.383827366821312577e-01,8.383827366821312577e-01,5.450820001003338078e-01
3.310000000000000000e+02,-5.463322613548299289e-01,8.375685406000620281e-01,8.375685406000620281e-01,5.463322613548299289e-01
3.320000000000000000e+02,-5.475495826575251801e-01,8.367732396124831773e-01,8.367732396124831773e-01,5.475495826575251801e-01
3.330000000000000000e+02,-5.487355195810226238e-01,8.359960104869790243e-01,8.359960104869790243e-01,5.487355195810226238e-01
3.340000000000000000e+02,-5.498915303920129949e-01,8.352360772878107964e-01,8.352360772878107964e-01,5.498915303920129949e-01
3.350000000000000000e+02,-5.510189759126282727e-01,8.344927130803471149e-01,8.344927130803471149e-01,5.510189759126282727e-01
3.360000000000000000e+02,-5.521191074402100885e-01,8.337652494554003146e-01,8.337652494554003146e-01,5.521191074402100885e-01
3.370000000000000000e+02,-5.531930428179951953e-01,8.330530939728678641e-01,8.330530939728678641e-01,5.531930428179951953e-01
3.380000000000000000e+02,-5.542417438685738329e-01,8.323557468736082487e-01,8.323557468736082487e-01,5.542417438685738329e-01
3.390000000000000000e+02,-5.552660089756260575e-01,8.316728078254571610e-01,8.316728078254571610e-01,5.552660089756260575e-01
3.400000000000000000e+02,-5.562664827636956133e-01,8.310039712021278779e-01,8.310039712021278779e-01,5.562664827636956133e-01
3.410000000000000000e+02,-5.572436735755439408e-01,8.303490159324767861e-01,8.303490159324767861e-01,5.572436735755439408e-01
3.420000000000000000e+02,-5.581979852867676728e-01,8.297077854412320264e-01,8.297077854412320264e-01,5.581979852867676728e-01
3.430000000000000000e+02,-5.591297646866036919e-01,8.290801567047079157e-01,8.290801567047079157e-01,5.591297646866036919e-01
3.440000000000000000e+02,-5.600393527031661822e-01,8.284660061968860401e-01,8.284660061968860401e-01,5.600393527031661822e-01
3.450000000000000000e+02,-5.609271237287655199e-01,8.278651833875936283e-01,8.278651833875936283e-01,5.609271237287655199e-01
3.460000000000000000e+02,-5.617935131568631002e-01,8.272774918821794721e-01,8.272774918821794721e-01,5.617935131568631002e-01
3.470000000000000000e+02,-5.626390310194341327e-01,8.267026797909344804e-01,8.267026797909344804e-01,5.626390310194341327e-01
3.480000000000000000e+02,-5.634642542560391876e-01,8.261404445829326759e-01,8.261404445829326759e-01,5.634642542560391876e-01
3.490000000000000000e+02,-5.642697981999236223e-01,8.255904522457957473e-01,8.255904522457957473e-01,5.642697981999236223e-01
3.500000000000000000e+02,-5.650563097588928718e-01,8.250523418557528244e-01,8.250523418557528244e-01,5.650563097588928718e-01
3.510000000000000000e+02,-5.658244900368337715e-01,8.245257100142826534e-01,8.245257100142826534e-01,5.658244900368337715e-01
3.520000000000000000e+02,-5.665750806230545056e-01,8.240101200937881565e-01,8.240101200937881565e-01,5.665750806230545056e-01
3.530000000000000000e+02,-5.673088059752977586e-01,8.235051418557639558e-01,8.235051418557639558e-01,5.673088059752977586e-01
3.540000000000000000e+02,-5.680263331119257408e-01,8.230103795769647679e-01,8.230103795769647679e-01,5.680263331119257408e-01
3.550000000000000000e+02,-5.687282781938984844e-01,8.225254680449740619e-01,8.225254680449740619e-01,5.687282781938984844e-01
3.560000000000000000e+02,-5.694152348896256433e-01,8.220500533882303396e-01,8.220500533882303396e-01,5.694152348896256433e-01
3.570000000000000000e+02,-5.700877535134674101e-01,8.215838078333629335e-01,8.215838078333629335e-01,5.700877535134674101e-01
3.580000000000000000e+02,-5.707462894723576152e-01,8.211264659317318859e-01,8.211264659317318859e-01,5.707462894723576152e-01
3.590000000000000000e+02,-5.713911844365351378e-01,8.206778383435325841e-01,8.206778383435325841e-01,5.713911844365351378e-01
3.600000000000000000e+02,-5.720226752814638882e-01,8.202378063487667514e-01,8.202378063487667514e-01,5.720226752814638882e-01
3.610000000000000000e+02,-5.726409087032751088e-01,8.198063122954636350e-01,8.198063122954636350e-01,5.726409087032751088e-01
3.620000000000000000e+02,-5.732459450376500287e-01,8.193833574694395772e-01,8.193833574694395772e-01,5.732459450376500287e-01
3.630000000000000000e+02,-5.738378206578818030e-01,8.189689588638953133e-01,8.189689588638953133e-01,5.738378206578818030e-01
3.640000000000000000e+02,-5.744166442047183851e-01,8.185630817845317431e-01,8.185630817845317431e-01,5.744166442047183851e-01
3.650000000000000000e+02,-5.749826096975677592e-01,8.181656302640525347e-01,8.181656302640525347e-01,5.749826096975677592e-01
3.660000000000000000e+02,-5.755359829163037011e-01,8.177764562327312081e-01,8.177764562327312081e-01,5.755359829163037011e-01
3.670000000000000000e+02,-5.760771356892208095e-01,8.173953350344635993e-01,8.173953350344635993e-01,5.760771356892208095e-01
3.680000000000000000e+02,-5.766065392726705818e-01,8.170219696360643269e-01,8.170219696360643269e-01,5.766065392726705818e-01
3.690000000000000000e+02,-5.771246619089898111e-01,8.166560626214895979e-01,8.166560626214895979e-01,5.771246619089898111e-01
3.700000000000000000e+02,-5.776319199506614321e-01,8.162973508802492395e-01,8.162973508802492395e-01,5.776319199506614321e-01
3.710000000000000000e+02,-5.781287344368229997e-01,8.159455658427695601e-01,8.159455658427695601e-01,5.781287344368229997e-01
3.720000000000000000e+02,-5.786155580802191389e-01,8.156004143865528411e-01,8.156004143865528411e-01,5.786155580802191389e-01
3.730000000000000000e+02,-5.790927984387683747e-01,8.152616333400929394e-01,8.152616333400929394e-01,5.790927984387683747e-01
3.740000000000000000e+02,-5.795607786160293928e-01,8.149290177003036817e-01,8.149290177003036817e-01,5.795607786160293928e-01
3.750000000000000000e+02,-5.800198126392462905e-01,8.146023673829665412e-01,8.146023673829665412e-01,5.800198126392462905e-01
3.760000000000000000e+02,-5.804702263082772706e-01,8.142814724464860765e-01,8.142814724464860765e-01,5.804702263082772706e-01
3.770000000000000000e+02,-5.809123221539920223e-01,8.139661380976831451e-01,8.139661380976831451e-01,5.809123221539920223e-01
3.780000000000000000e+02,-5.813464021993247632e-01,8.136561685687025980e-01,8.136561685687025980e-01,5.813464021993247632e-01
3.790000000000000000e+02,-5.817728056505180323e-01,8.133513402002388037e-01,8.133513402002388037e-01,5.817728056505180323e-01
3.800000000000000000e+02,-5.821918746275217549e-01,8.130514258751976309e-01,8.130514258751976309e-01,5.821918746275217549e-01
3.810000000000000000e+02,-5.826038538799188649e-01,8.127562669363220804e-01,8.127562669363220804e-01,5.826038538799188649e-01
3.820000000000000000e+02,-5.830088847770045213e-01,8.124657779076442932e-01,8.124657779076442932e-01,5.830088847770045213e-01
3.830000000000000000e+02,-5.834071885102010135e-01,8.121798153085453276e-01,8.121798153085453276e-01,5.834071885102010135e-01
3.840000000000000000e+02,-5.837991463271897663e-01,8.118981196847573356e-01,8.118981196847573356e-01,5.837991463271897663e-01
3.850000000000000000e+02,-5.841851128794176562e-01,8.116204494035755834e-01,8.116204494035755834e-01,5.841851128794176562e-01
3.860000000000000000e+02,-5.845652727350634237e-01,8.113466841690925024e-01,8.113466841690925024e-01,5.845652727350634237e-01
3.870000000000000000e+02,-5.849397883280785804e-01,8.110767189549350498e-01,8.110767189549350498e-01,5.849397883280785804e-01
3.880000000000000000e+02,-5.853089752235032250e-01,8.108103375776682942e-01,8.108103375776682942e-01,5.853089752235032250e-01
3.890000000000000000e+02,-5.856731734140886436e-01,8.105473051852498667e-01,8.105473051852498667e-01,5.856731734140886436e-01
3.900000000000000000e+02,-5.860325961677443907e-01,8.102874775219554015e-01,8.102874775219554015e-01,5.860325961677443907e-01
3.910000000000000000e+02,-5.863873248892028656e-01,8.100308050989692976e-01,8.100308050989692976e-01,5.863873248892028656e-01
3.920000000000000000e+02,-5.867373210780049142e-01,8.097773249815075625e-01,8.097773249815075625e-01,5.867373210780049142e-01
3.930000000000000000e+02,-5.870824366007046935e-01,8.095271537354257196e-01,8.095271537354257196e-01,5.870824366007046935e-01
3.940000000000000000e+02,-5.874225091271393362e-01,8.092804185020021635e-01,8.092804185020021635e-01,5.874225091271393362e-01
3.950000000000000000e+02,-5.877574728431480544e-01,8.090371765976123175e-01,8.090371765976123175e-01,5.877574728431480544e-01
3.960000000000000000e+02,-5.880873468996885567e-01,8.087974235965921244e-01,8.087974235965921244e-01,5.880873468996885567e-01
3.970000000000000000e+02,-5.884121970721318817e-01,8.085611209653520426e-01,8.085611209653520426e-01,5.884121970721318817e-01
3.980000000000000000e+02,-5.887321187387772881e-01,8.083282083197086409e-01,8.083282083197086409e-01,5.887321187387772881e-01
3.990000000000000000e+02,-5.890472145669513049e-01,8.080986196071096028e-01,8.080986196071096028e-01,5.890472145669513049e-01
4.000000000000000000e+02,-5.893575138823909931e-01,8.078723419144681062e-01,8.078723419144681062e-01,5.893575138823909931e-01
