0.000000000000000000e+00,-6.982844638518420632e-01,-7.158203737971875480e-01,-7.158203737971875480e-01,6.982844638518421743e-01
1.000000000000000000e+00,-6.984966154748789569e-01,-7.156133580154434570e-01,-7.156133580154433460e-01,6.984966154748788458e-01
2.000000000000000000e+00,-6.897834625634541306e-01,-7.240157282642215586e-01,-7.240157282642216696e-01,6.897834625634542416e-01
3.000000000000000000e+00,-6.847502103198729317e-01,-7.287778464435440418e-01,-7.287778464435441528e-01,6.847502103198730428e-01
4.000000000000000000e+00,-5.887576783017381965e-01,8.083095918277523051e-01,8.083095918277520830e-01,5.887576783017380855e-01
5.000000000000000000e+00,-7.148109614193760564e-01,6.993177313887499746e-01,6.993177313887497526e-01,7.148109614193758343e-01
6.000000000000000000e+00,-6.989088350286148943e-01,7.152107663611789734e-01,7.152107663611788624e-01,6.989088350286147833e-01
7.000000000000000000e+00,-7.100246322341885463e-01,7.041768397360890219e-01,7.041768397360887999e-01,7.100246322341885463e-01
8.000000000000000000e+00,-7.057096146326855557e-01,7.085011925289794732e-01,7.085011925289793622e-01,7.057096146326857777e-01
9.000000000000000000e+00,-7.103165211713499128e-01,7.038824047744279833e-01,7.038824047744279833e-01,7.103165211713496907e-01
1.000000000000000000e+01,-7.056528024242610941e-01,7.085577763533378315e-01,7.085577763533377205e-01,7.056528024242610941e-01
1.100000000000000000e+01,-7.096721616904102525e-01,7.045320595414098497e-01,7.045320595414099607e-01,7.096721616904102525e-01
1.200000000000000000e+01,-7.015174465763795997e-01,7.126522799717656120e-01,7.126522799717656120e-01,7.015174465763799327e-01
1.300000000000000000e+01,-7.090283060872160092e-01,7.051800203969854630e-01,7.051800203969853520e-01,7.090283060872160092e-01
1.400000000000000000e+01,-7.046067605901490394e-01,7.095979938885504934e-01,7.095979938885506044e-01,7.046067605901493724e-01
1.500000000000000000e+01,-7.082432087209070692e-01,7.059685242988623655e-01,7.059685242988621434e-01,7.082432087209071803e-01
1.600000000000000000e+01,-7.080700820389247419e-01,7.061421662253222209e-01,7.061421662253221099e-01,7.080700820389247419e-01
1.700000000000000000e+01,-7.061329752830708406e-01,7.080792478373292287e-01,7.080792478373292287e-01,7.061329752830708406e-01
1.800000000000000000e+01,-7.053955695552075467e-01,7.088138616392064550e-01,7.088138616392065661e-01,7.053955695552078797e-01
1.900000000000000000e+01,-7.073902952655110044e-01,7.068231533871635053e-01,7.068231533871635053e-01,7.073902952655110044e-01
2.000000000000000000e+01,-7.072372329698938254e-01,7.069763053321432844e-01,7.069763053321432844e-01,7.072372329698937143e-01
2.100000000000000000e+01,-7.067192180603044660e-01,7.074941320069243478e-01,7.074941320069242368e-01,7.067192180603045770e-01
2.200000000000000000e+01,-7.073430822940826035e-01,7.068704010854509612e-01,7.068704010854508502e-01,7.073430822940827145e-01
2.300000000000000000e+01,-7.068547063737991021e-01,7.073587661697634532e-01,7.073587661697634532e-01,7.068547063737991021e-01
2.400000000000000000e+01,-7.070458140387123613e-01,7.071677430782143947e-01,7.071677430782142837e-01,7.070458140387122503e-01
2.500000000000000000e+01,-7.070073929179723216e-01,7.072061554874448097e-01,7.072061554874448097e-01,7.070073929179723216e-01
2.600000000000000000e+01,-7.070253751818994514e-01,7.071881778203699120e-01,7.071881778203696900e-01,7.070253751818994514e-01
2.700000000000000000e+01,-7.078612756971190967e-01,7.063514807575946852e-01,7.063514807575946852e-01,7.078612756971190967e-01
2.800000000000000000e+01,-7.068108626526630189e-01,7.074025759326851848e-01,7.074025759326849627e-01,7.068108626526630189e-01
2.900000000000000000e+01,-7.070100111389723274e-01,7.072035379926133736e-01,7.072035379926133736e-01,7.070100111389727715e-01
3.000000000000000000e+01,-7.065949662830818268e-01,7.076182258982666173e-01,7.076182258982667284e-01,7.065949662830816047e-01
3.100000000000000000e+01,-7.073793301672377520e-01,7.068341271133914416e-01,7.068341271133914416e-01,7.073793301672376410e-01
3.200000000000000000e+01,-7.080438604341462439e-01,7.061684584442382562e-01,7.061684584442383672e-01,7.080438604341461328e-01
3.300000000000000000e+01,-7.063623103800275027e-01,7.078504690078190054e-01,7.078504690078192274e-01,7.063623103800276137e-01
3.400000000000000000e+01,-7.071563037365422577e-01,7.070572551679751294e-01,7.070572551679750184e-01,7.071563037365424798e-01
3.500000000000000000e+01,-7.073706619922290884e-01,7.068428018680497082e-01,7.068428018680497082e-01,7.073706619922294214e-01
3.600000000000000000e+01,-7.070251852307334328e-01,7.071883677277549518e-01,7.071883677277549518e-01,7.070251852307338769e-01
3.700000000000000000e+01,-7.071897586352325904e-01,7.070237939994955534e-01,7.070237939994955534e-01,7.071897586352325904e-01
3.800000000000000000e+01,-7.068607931081897222e-01,7.073526837204066053e-01,7.073526837204066053e-01,7.068607931081896112e-01
3.900000000000000000e+01,-7.071458520075523113e-01,7.070677082065849328e-01,7.070677082065848218e-01,7.071458520075526444e-01
4.000000000000000000e+01,-7.069085551319818084e-01,7.073049516871874332e-01,7.073049516871872111e-01,7.069085551319815863e-01
4.100000000000000000e+01,-7.072220023961626190e-01,7.069915411988756393e-01,7.069915411988757503e-01,7.072220023961630631e-01
4.200000000000000000e+01,-7.071386878501720874e-01,7.070748730831389883e-01,7.070748730831389883e-01,7.071386878501720874e-01
4.300000000000000000e+01,-7.069019205001008110e-01,7.073115825386073752e-01,7.073115825386073752e-01,7.069019205001009221e-01
4.400000000000000000e+01,-7.070222722286839678e-01,7.071912800456375825e-01,7.071912800456376935e-01,7.070222722286845229e-01
4.500000000000000000e+01,-7.074750868231033385e-01,7.067382836132781732e-01,7.067382836132781732e-01,7.074750868231034495e-01
4.600000000000000000e+01,-7.068567863476610258e-01,7.073566876719672436e-01,7.073566876719672436e-01,7.068567863476611368e-01
4.700000000000000000e+01,-7.072936974783472497e-01,7.069198154723124183e-01,7.069198154723124183e-01,7.072936974783470276e-01
4.800000000000000000e+01,-7.069066745700453014e-01,7.073068311901987704e-01,7.073068311901986593e-01,7.069066745700454124e-01
4.900000000000000000e+01,-7.070683170650395866e-01,7.071452432158562562e-01,7.071452432158562562e-01,7.070683170650398086e-01
5.000000000000000000e+01,-7.071763707732235948e-01,7.070371847505703133e-01,7.070371847505703133e-01,7.071763707732237059e-01
5.100000000000000000e+01,-7.072261053460973113e-01,7.069874368876656323e-01,7.069874368876655213e-01,7.072261053460973113e-01
5.200000000000000000e+01,-7.071103433316204834e-01,7.071032190235301274e-01,7.071032190235301274e-01,7.071103433316201503e-01
5.300000000000000000e+01,-7.076045592091714242e-01,7.066086524989585449e-01,7.066086524989586559e-01,7.076045592091715353e-01
5.400000000000000000e+01,-7.070299801572205167e-01,7.071835738751857114e-01,7.071835738751857114e-01,7.070299801572207388e-01
5.500000000000000000e+01,-7.069994607695956335e-01,7.072140853175233888e-01,7.072140853175236108e-01,7.069994607695953004e-01
5.600000000000000000e+01,-7.071585192775375894e-01,7.070550393096708408e-01,7.070550393096706188e-01,7.071585192775378115e-01
5.700000000000000000e+01,-7.069689220629741255e-01,7.072446134380357963e-01,7.072446134380357963e-01,7.069689220629742366e-01
5.800000000000000000e+01,-7.071728874959434252e-01,7.070406686963979226e-01,7.070406686963979226e-01,7.071728874959433142e-01
5.900000000000000000e+01,-7.071408995694096200e-01,7.070726611573705522e-01,7.070726611573705522e-01,7.071408995694097310e-01
6.000000000000000000e+01,-7.070134243919722339e-01,7.072001256571838201e-01,7.072001256571838201e-01,7.070134243919723449e-01
