0.000000000000000000e+00,-1.000000000000000000e+00,-6.215416792255944103e-16,6.215416792255944103e-16,-1.000000000000000000e+00
1.000000000000000000e+00,-9.999838163546178604e-01,5.689202831124852075e-03,-5.689202831124852075e-03,-9.999838163546178604e-01
2.000000000000000000e+00,-9.964160401150001789e-01,8.458767641649846125e-02,-8.458767641649846125e-02,-9.964160401150001789e-01
3.000000000000000000e+00,-6.983916205902382934e-01,7.157158264907521605e-01,-7.157158264907521605e-01,-6.983916205902382934e-01
4.000000000000000000e+00,-2.552060551874261729e-01,9.668866890156635474e-01,9.668866890156635474e-01,2.552060551874261729e-01
5.000000000000000000e+00,-2.434497434613001887e-01,9.699135128497937686e-01,9.699135128497937686e-01,2.434497434613001887e-01
6.000000000000000000e+00,-2.770868664729605468e-01,9.608448721974821582e-01,9.608448721974821582e-01,2.770868664729605468e-01
7.000000000000000000e+00,-3.039580834302083034e-01,9.526854063737065781e-01,9.526854063737065781e-01,3.039580834302083034e-01
8.000000000000000000e+00,-3.302586180465354460e-01,9.438904836928870834e-01,9.438904836928870834e-01,3.302586180465354460e-01
9.000000000000000000e+00,-3.550497617095125236e-01,9.348474029006115238e-01,9.348474029006115238e-01,3.550497617095125236e-01
1.000000000000000000e+01,-3.747296589289243474e-01,9.271341233710536089e-01,9.271341233710536089e-01,3.747296589289243474e-01
1.100000000000000000e+01,-3.963606561061045475e-01,9.180948917683501298e-01,9.180948917683501298e-01,3.963606561061045475e-01
1.200000000000000000e+01,-4.118576400201089394e-01,9.112482012915396057e-01,9.112482012915396057e-01,4.118576400201089394e-01
1.300000000000000000e+01,-4.205795218198057905e-01,9.072556783100469424e-01,9.072556783100469424e-01,4.205795218198057905e-01
1.400000000000000000e+01,-4.018773273703611926e-01,9.156935151816112395e-01,9.156935151816112395e-01,4.018773273703611926e-01
1.500000000000000000e+01,-4.808200121972688312e-01,8.768193176878679163e-01,8.768193176878679163e-01,4.808200121972688312e-01
1.600000000000000000e+01,-5.303465809686033205e-01,8.477809292823899057e-01,8.477809292823899057e-01,5.303465809686033205e-01
1.700000000000000000e+01,-5.562664827636956133e-01,8.310039712021278779e-01,8.310039712021278779e-01,5.562664827636956133e-01
1.800000000000000000e+01,-5.720226752814638882e-01,8.202378063487667514e-01,8.202378063487667514e-01,5.720226752814638882e-01
1.900000000000000000e+01,-5.821918746275217549e-01,8.130514258751976309e-01,8.130514258751976309e-01,5.821918746275217549e-01
2.000000000000000000e+01,-5.893575138823909931e-01,8.078723419144681062e-01,8.078723419144681062e-01,5.893575138823909931e-01
